308 91.94444444444444 684.9276103811013
578 100.27777777777777 1016.1139531084642
531 93.61111111111111 932.5606795004119
457 87.5 823.7834441035918
789 102.77777777777777 1233.1651609680998
588 89.72222222222221 967.6774374127442
778 108.88888888888889 1256.3707957833071
747 110.83333333333333 1237.4895502015202
618 106.11111111111111 1087.67263506092
360 96.66666666666666 768.6637759347204
738 90.27777777777777 1115.7240624644953
719 90.83333333333333 1100.6555758115903
434 85.55555555555556 789.3781946676083
800 105.0 1255.682554798041
798 97.77777777777777 1214.289687420417
483 95.27777777777777 892.7941966725133
307 99.16666666666666 720.1693572967592
562 88.05555555555556 932.8344655774043
577 109.16666666666666 1063.6355606122504
326 91.38888888888889 702.9812590786918
542 108.33333333333333 1023.8423860020805
334 95.0 730.8079019070576
581 97.22222222222221 1002.2789264380749
725 88.61111111111111 1094.0262569932436
419 99.72222222222221 849.5655877808202
647 96.11111111111111 1060.8260505890325
551 105.83333333333333 1019.619262657661
579 101.11111111111111 1021.6691234236162
659 109.72222222222221 1147.3556573135238
491 91.38888888888889 879.9758660566459
574 107.77777777777777 1053.1457629458575
301 107.22222222222221 753.2080730878406
611 98.33333333333333 1038.0904102639713
380 107.22222222222221 845.7403357381754
390 108.61111111111111 864.2924593777486
713 91.11111111111111 1096.682298516771
379 93.33333333333333 772.4144101989757
727 91.94444444444444 1114.5942963753816
451 109.44444444444444 935.1914287795435
352 99.72222222222221 775.3783508098031
418 108.33333333333333 893.7627992134356
656 98.61111111111111 1083.58010618773
531 100.27777777777777 969.1442759617127
615 83.61111111111111 960.0789747182373
532 100.55555555555556 971.8329633042612
526 90.55555555555556 910.7533489251342
405 88.05555555555556 772.2156734760578
344 84.44444444444444 687.2696236225388
699 108.88888888888889 1181.17525710552
421 84.72222222222221 771.1773679889936
478 102.22222222222221 925.1713559731038
766 88.33333333333333 1131.5661488523433
751 89.72222222222221 1125.0777444325486
765 106.66666666666666 1231.833199724403
456 102.5 903.8990033985742
475 97.5 896.5558362868233
423 87.22222222222221 786.8816051635547
571 101.94444444444444 1018.4125186856139
341 95.83333333333333 742.971209095721
504 98.61111111111111 932.5599190607438
759 105.0 1217.2365031956822
569 100.55555555555556 1008.7467670457113
786 94.44444444444444 1184.3606547470863
612 84.72222222222221 963.5427715500558
323 107.5 781.1958640751315
310 85.55555555555556 654.6536454724765
674 91.38888888888889 1060.6216160824124
768 110.55555555555556 1256.0076209881397
395 98.88888888888889 819.0741334804744
444 103.33333333333333 895.588277618045
509 111.11111111111111 1004.956976086885
531 90.55555555555556 915.9438328592912
756 98.88888888888889 1180.6782270428528
503 101.94444444444444 949.8061667632289
645 93.88888888888889 1046.7143271750517
691 92.5 1083.3004293982683
385 92.77777777777777 775.9007902722437
701 107.77777777777777 1177.2394011843776
457 96.11111111111111 870.5327856723155
770 100.27777777777777 1201.6550947630606
410 89.44444444444444 784.928166687053
592 110.27777777777777 1084.5664626349628
607 103.88888888888889 1064.6413024222788
543 110.27777777777777 1035.319990030467
584 97.5 1006.7662732593197
502 91.94444444444444 894.2111061812029
750 107.22222222222221 1220.6892364985697
629 106.94444444444444 1102.855840125285
376 110.55555555555556 858.0951093031755
585 93.33333333333333 984.9035470145103
640 94.72222222222221 1046.2899200365532
461 92.22222222222221 853.5255712207263
568 92.22222222222221 961.7719215548614
507 108.88888888888889 991.2327105780221
609 91.11111111111111 996.1689455969822
533 96.94444444444444 953.0469317079787
599 83.61111111111111 944.3917072949065
541 102.5 991.379536359212
463 84.72222222222221 814.8274165153816
659 100.55555555555556 1097.0685260806713
