282.44750551486834 3.4336303624505082 0.01
282.10547296092057 3.5008092049968997 0.02
281.7648852677999 3.5680238619754645 0.03
281.425738596004 3.635274134014977 0.04
281.08802911974317 3.702559821213771 0.05
280.7517530268724 3.769880723141414 0.060000000000000005
280.4169065188249 3.837236638842638 0.07
280.08348581054497 3.904627366839157 0.08
279.7514871304221 3.9720527051338173 0.09
279.42090672022414 4.039512451211966 0.09999999999999999
279.0917408350324 4.107006402045026 0.10999999999999999
278.7639857431758 4.174534354093695 0.11999999999999998
278.43763772616603 4.242096103310444 0.12999999999999998
278.1126930786331 4.309691445142254 0.13999999999999999
277.7891481082606 4.377320174534293 0.15
277.46699913572206 4.444982085932237 0.16
277.1462424946173 4.512676973285702 0.17
276.82687453140863 4.580404630050693 0.18000000000000002
276.50889160535854 4.648164849193587 0.19000000000000003
276.1922900884666 4.715957423193182 0.20000000000000004
275.8770663654073 4.783782144044724 0.21000000000000005
275.5632168334678 4.85163880326205 0.22000000000000006
275.2507379024868 4.919527191881867 0.23000000000000007
274.9396259947924 4.987447100465509 0.24000000000000007
274.62987754514194 5.055398319103665 0.25000000000000006
274.32148900066034 5.123380637418128 0.26000000000000006
274.0144568207807 5.1913938445662815 0.2700000000000001
273.70877747718305 5.25943772924305 0.2800000000000001
273.40444745373566 5.327512079685295 0.2900000000000001
273.1014632464349 5.395616683674619 0.3000000000000001
272.7998213633463 5.463751328540417 0.3100000000000001
272.4995183245458 5.531915801163652 0.3200000000000001
272.20055066206083 5.600109887979883 0.3300000000000001
271.90291491981253 5.668333374982739 0.34000000000000014
271.6066076535574 5.736586047727262 0.35000000000000014
271.31162543082985 5.8048676913334605 0.36000000000000015
271.0179648308848 5.873178090489241 0.37000000000000016
270.725622444641 5.9415170294544835 0.38000000000000017
270.4345948746235 6.009884292064175 0.3900000000000002
270.1448787349078 6.078279661731741 0.4000000000000002
269.85647065106355 6.146702921452741 0.4100000000000002
269.5693672600986 6.215153853808504 0.4200000000000002
269.28356521040337 6.283632240969152 0.4300000000000002
268.9990611616955 6.352137864697751 0.4400000000000002
268.7158517849653 6.420670506353508 0.45000000000000023
268.43393376242034 6.489229946895364 0.46000000000000024
268.1533037874313 6.557815966885861 0.47000000000000025
267.8739585644782 6.626428346494418 0.48000000000000026
267.5958948090955 6.695066865501217 0.49000000000000027
267.3191092478195 6.763731303300675 0.5000000000000002
267.0435986181345 6.8324214389052225 0.5100000000000002
266.76935966841984 6.9011370509490595 0.5200000000000002
266.49638915789706 6.9698779176918215 0.5300000000000002
266.22468385657737 7.0386438170220265 0.5400000000000003
265.95424054520936 7.1074345264611605 0.5500000000000003
265.6850560152273 7.17624982316748 0.5600000000000003
265.417127068699 7.245089483939406 0.5700000000000003
265.1504505182749 7.313953285219723 0.5800000000000003
264.885023187136 7.382841003098967 0.5900000000000003
264.62084190894393 7.4517524133196895 0.6000000000000003
264.3579035277897 7.520687291279983 0.6100000000000003
264.09620489814324 7.589645412037452 0.6200000000000003
263.8357428848036 7.6586265503130155 0.6300000000000003
263.57651436284897 7.727630480494983 0.6400000000000003
263.31851621758693 7.796656976642766 0.6500000000000004
263.06174534450486 7.86570581249064 0.6600000000000004
262.8061986492213 7.934776761452208 0.6700000000000004
262.5518730474368 8.00386959662374 0.6800000000000004
262.29876546488526 8.072984090788552 0.6900000000000004
262.04687283728555 8.142120016420742 0.7000000000000004
261.7961921102936 8.21127714568943 0.7100000000000004
261.5467202394541 8.280455250462488 0.7200000000000004
261.2984541901533 8.349654102310579 0.7300000000000004
261.05139093757117 8.418873472511418 0.7400000000000004
260.80552746663477 8.488113132053776 0.7500000000000004
260.5608607719709 8.557372851641166 0.7600000000000005
260.31738785785956 8.626652401696463 0.7700000000000005
260.0751057381873 8.695951552365454 0.7800000000000005
259.83401143640174 8.765270073521497 0.7900000000000005
259.5941019854645 8.83460773476897 0.8000000000000005
259.3553744278063 8.903964305447978 0.8100000000000005
259.1178258152814 8.973339554638354 0.8200000000000005
258.8814532091215 9.04273325116342 0.8300000000000005
258.6462536798921 9.112145163594727 0.8400000000000005
258.4122243074465 9.181575060255708 0.8500000000000005
258.1793621808815 9.251022709226204 0.8600000000000005
257.94766439849377 9.320487878346604 0.8700000000000006
257.7171280677343 9.38997033522173 0.8800000000000006
257.4877503051659 9.459469847225678 0.8900000000000006
257.25952823641865 9.528986181505315 0.9000000000000006
257.032458996147 9.59851910498521 0.9100000000000006
256.80653972798586 9.668068384371175 0.9200000000000006
256.58176758450827 9.737633786155227 0.9300000000000006
256.35813972718233 9.80721507661948 0.9400000000000006
256.13565332632805 9.876812021840186 0.9500000000000006
255.9143055610762 9.946424387692645 0.9600000000000006
255.69409361932483 10.016051939854922 0.9700000000000006
255.4750146976985 10.08569444381257 0.9800000000000006
255.25706600150542 10.15535166486265 0.9900000000000007
255.04024474469713 10.22502336811827 1.0000000000000007
254.82454814982597 10.294709318512593 1.0100000000000007
254.60997344800518 10.364409280803747 1.0200000000000007
254.39651787886692 10.434123019578585 1.0300000000000007
254.1841786905223 10.503850299257307 1.0400000000000007
253.97295313952065 10.57359088409792 1.0500000000000007
253.76283849080932 10.643344538200406 1.0600000000000007
253.55383201769354 10.713111025511216 1.0700000000000007
253.3459310017967 10.782890109827699 1.0800000000000007
253.1391327330204 10.852681554802366 1.0900000000000007
252.93343450950533 10.922485123947366 1.1000000000000008
252.72883363759183 10.992300580638986 1.1100000000000008
252.52532743178062 11.062127688121693 1.1200000000000008
252.32291321469444 11.131966209513173 1.1300000000000008
252.121588317039 11.201815907808184 1.1400000000000008
251.92135007756454 11.271676545883379 1.1500000000000008
251.7221958430277 11.341547886501406 1.1600000000000008
251.52412296815336 11.411429692315693 1.1700000000000008
251.32712881559686 11.481321725874682 1.1800000000000008
251.1312107559059 11.551223749626287 1.1900000000000008
250.93636616748347 11.621135525922385 1.2000000000000008
250.7425924365505 11.691056817023465 1.2100000000000009
250.54988695710819 11.760987385102611 1.2200000000000009
250.35824713090207 11.83092699225068 1.2300000000000009
250.16767036738406 11.900875400479974 1.2400000000000009
249.97815408367708 11.970832371729449 1.2500000000000009
249.78969570453776 12.040797667868814 1.260000000000001
249.60229266232045 12.11077105070284 1.270000000000001
249.41594239694143 12.180752281976392 1.280000000000001
249.23064235584312 12.250741123378385 1.290000000000001
249.04638999395803 12.320737336546685 1.300000000000001
248.8631827736737 12.390740683072297 1.310000000000001
248.68101816479714 12.460750924504069 1.320000000000001
248.49989364451977 12.530767822353083 1.330000000000001
248.31980669738255 12.600791138097156 1.340000000000001
248.14075481524125 12.670820633185457 1.350000000000001
247.9627354972317 12.7408560690429 1.360000000000001
247.78574624973555 12.810897207074634 1.370000000000001
247.6097845863459 12.880943808670661 1.380000000000001
247.43484802783328 12.950995635210191 1.390000000000001
247.26093410211197 13.021052448066397 1.400000000000001
247.0880403442058 13.091114008610573 1.410000000000001
246.91616429621493 13.161180078216907 1.420000000000001
246.7453035072829 13.231250418267013 1.430000000000001
246.5754555335622 13.301324790154148 1.440000000000001
246.40661793818262 13.371402955288117 1.450000000000001
246.23878829121747 13.44148467509937 1.460000000000001
246.07196416965098 13.51156971104377 1.470000000000001
245.9061431573464 13.58165782460722 1.480000000000001
245.74132284501266 13.651748777309637 1.490000000000001
245.57750083017294 13.721842330710038 1.500000000000001
245.41467471713207 13.791938246410723 1.5100000000000011
245.25284211694535 13.862036286061867 1.5200000000000011
245.09200064738593 13.932136211365892 1.5300000000000011
244.9321479329137 14.002237784082133 1.5400000000000011
244.77328160464413 14.072340766031205 1.5500000000000012
244.6153993003165 14.142444919099512 1.5600000000000012
244.4584986642635 14.212550005243767 1.5700000000000012
244.30257734737938 14.282655786495479 1.5800000000000012
244.1476330070901 14.352762024965335 1.5900000000000012
243.9936633073219 14.422868482847669 1.6000000000000012
243.84066591847161 14.492974922425152 1.6100000000000012
243.68863851737572 14.563081106072925 1.6200000000000012
243.53757878728064 14.633186796263285 1.6300000000000012
243.38748441781232 14.703291755570028 1.6400000000000012
243.23835310494698 14.773395746673094 1.6500000000000012
243.09018255098078 14.84349853236259 1.6600000000000013
242.94297046450058 14.9135998755437 1.6700000000000013
242.7967145603546 14.983699539240838 1.6800000000000013
242.65141255962314 15.053797286602121 1.6900000000000013
242.50706218958936 15.12389288090385 1.7000000000000013
242.36366118371038 15.193986085554803 1.7100000000000013
242.22120728158862 15.264076664100806 1.7200000000000013
242.07969822894302 15.334164380228994 1.7300000000000013
241.93913177758063 15.404248997772298 1.7400000000000013
241.79950568536816 15.474330280713728 1.7500000000000013
241.66081771620372 15.544407993190879 1.7600000000000013
241.52306563998866 15.614481899500161 1.7700000000000014
241.38624723260014 15.684551764101307 1.7800000000000014
241.2503602758627 15.754617351621606 1.7900000000000014
241.1154025575212 15.824678426860332 1.8000000000000014
240.98137187121273 15.89473475479306 1.8100000000000014
240.84826601643977 15.96478610057596 1.8200000000000014
240.7160827985425 16.03483222955015 1.8300000000000014
240.58482002867203 16.10487290724602 1.8400000000000014
240.4544755237637 16.174907899387545 1.8500000000000014
240.32504710650932 16.24493697189651 1.8600000000000014
240.19653260533184 16.314959890896926 1.8700000000000014
240.06892985435755 16.384976422719095 1.8800000000000014
239.94223669339053 16.454986333904127 1.8900000000000015
239.81645096788586 16.524989391207942 1.9000000000000015
239.69157052892393 16.594985361605787 1.9100000000000015
239.56759323318394 16.664974012296195 1.9200000000000015
239.44451694291888 16.734955110705474 1.9300000000000015
239.32233952592867 16.804928424491685 1.9400000000000015
239.2010588555353 16.874893721548933 1.9500000000000015
239.0806728105575 16.944850770011676 1.9600000000000015
238.96117927528474 17.0147993382587 1.9700000000000015
238.84257613945263 17.084739194917457 1.9800000000000015
238.72486129821746 17.154670108868096 1.9900000000000015
238.60803265213153 17.224591849247666 2.0000000000000013
238.49208810711815 17.294504185454247 2.010000000000001
238.37702557444695 17.364406887151084 2.020000000000001
238.26284297070958 17.434299724270716 2.0300000000000007
238.1495382177947 17.504182467018875 2.0400000000000005
238.03710924286446 17.574054885878905 2.0500000000000003
237.92555397832945 17.64391675161544 2.06
237.8148703618255 17.71376783527893 2.07
237.7050563361892 17.78360790820918 2.0799999999999996
237.596109849434 17.85343674203968 2.0899999999999994
237.488028854727 17.92325410870164 2.099999999999999
237.38081131036483 17.993059780427767 2.109999999999999
237.27445517975084 18.062853529756513 2.1199999999999988
237.16895843137115 18.132635129535817 2.1299999999999986
237.06431903877177 18.202404352927203 2.1399999999999983
236.9605349805358 18.27216097340974 2.149999999999998
236.8576042402596 18.34190476478382 2.159999999999998
236.75552480653084 18.411635501175184 2.1699999999999977
236.65429467290537 18.481352957038844 2.1799999999999975
236.55391183788453 18.55105690716288 2.1899999999999973
236.45437430489298 18.62074712667241 2.199999999999997
236.3556800822561 18.690423391033278 2.209999999999997
236.25782718317762 18.760085476056044 2.2199999999999966
236.1608136257179 18.82973315789979 2.2299999999999964
236.06463743277143 18.89936621307581 2.239999999999996
235.9692966320452 18.96898441845147 2.249999999999996
235.87478925603688 19.038587551254025 2.259999999999996
235.78111334201296 19.1081753890743 2.2699999999999956
235.6882669319874 19.17774770987048 2.2799999999999954
235.5962480727002 19.2473042919717 2.289999999999995
235.50505481559586 19.31684491408205 2.299999999999995
235.41468521680213 19.386369355283808 2.3099999999999947
235.32513733710906 19.455877395041576 2.3199999999999945
235.23640924194817 19.525368813205613 2.3299999999999943
235.14849900137077 19.594843390015562 2.339999999999994
235.06140469002816 19.664300906104128 2.349999999999994
234.97512438715037 19.733741142500616 2.3599999999999937
234.88965617652573 19.803163880634557 2.3699999999999934
234.8049981464804 19.872568902339093 2.3799999999999932
234.72114838985777 19.941955989854858 2.389999999999993
234.6381050039987 20.011324925833154 2.399999999999993
234.555866090721 20.080675493339662 2.4099999999999926
234.47442975629968 20.15000747585792 2.4199999999999924
234.3937941114466 20.21932065729268 2.429999999999992
234.31395727129114 20.28861482197347 2.439999999999992
234.2349173553599 20.357889754657972 2.4499999999999917
234.15667248755778 20.427145240535467 2.4599999999999915
234.07922079614815 20.496381065230228 2.4699999999999913
234.0025604137329 20.565597014804787 2.479999999999991
233.926689477234 20.63479287576343 2.489999999999991
233.85160612787396 20.703968435055522 2.4999999999999907
233.7773085111566 20.773123480078684 2.5099999999999905
233.70379477684807 20.842257798682237 2.5199999999999902
233.63106307895816 20.911371179170413 2.52999999999999
233.55911157572132 20.980463410305603 2.53999999999999
233.48793842957787 21.049534281311576 2.5499999999999896
233.41754180715586 21.11858358187678 2.5599999999999894
233.34791987925195 21.187611102157454 2.569999999999989
233.2790708208136 21.256616632780815 2.579999999999989
233.21099281092006 21.325599964848163 2.5899999999999888
233.14368403276495 21.394560889938194 2.5999999999999885
233.07714267363758 21.463499200109837 2.6099999999999883
233.01136692490525 21.532414687905604 2.619999999999988
232.9463549819953 21.601307146354486 2.629999999999988
232.88210504437708 21.670176368975074 2.6399999999999877
232.8186153155444 21.739022149778584 2.6499999999999875
232.75588400299776 21.80784428327174 2.6599999999999873
232.6939093182272 21.876642564460074 2.669999999999987
232.63268947669457 21.945416788850498 2.679999999999987
232.5722226978159 22.01416675245446 2.6899999999999866
232.51250720494482 22.082892251790877 2.6999999999999864
232.45354122535483 22.15159308388896 2.709999999999986
232.39532299022258 22.220269046291087 2.719999999999986
232.33785073461047 22.28891993705567 2.7299999999999858
232.2811226974506 22.357545554760076 2.7399999999999856
232.22513712152693 22.42614569850327 2.7499999999999853
232.16989225345952 22.49472016790872 2.759999999999985
232.11538634368713 22.563268763127105 2.769999999999985
232.06161764645142 22.631791284839117 2.7799999999999847
232.00858441978 22.700287534258113 2.7899999999999845
231.95628492547027 22.768757313132866 2.7999999999999843
231.90471742907326 22.837200423750197 2.809999999999984
231.85388019987732 22.90561666893765 2.819999999999984
231.8037715108921 22.974005852066117 2.8299999999999836
231.75438963883286 23.04236777705249 2.8399999999999834
231.70573286410382 23.110702248362102 2.849999999999983
231.65779947078323 23.17900907101151 2.859999999999983
231.61058774660708 23.247288050570795 2.869999999999983
231.56409598295366 23.3155389931663 2.8799999999999826
231.51832247482784 23.383761705482915 2.8899999999999824
231.47326552084604 23.45195599476672 2.899999999999982
231.42892342322037 23.52012166882734 2.909999999999982
231.38529448774358 23.588258536040367 2.9199999999999817
231.34237702377374 23.656366405349814 2.9299999999999815
231.30016934421909 23.724445086270368 2.9399999999999813
231.25866976552345 23.79249438889 2.949999999999981
231.2178766076503 23.86051412387194 2.959999999999981
231.177788194069 23.928504102457293 2.9699999999999807
231.138402851739 23.996464136467157 2.9799999999999804
231.09971891109618 24.06439403830495 2.9899999999999802
231.06173470603733 24.1322936209586 2.99999999999998
231.02444857390583 24.20016269800279 3.00999999999998
230.98785885547738 24.268001083601145 3.0199999999999796
230.95196389494555 24.335808592508354 3.0299999999999794
230.91676203990733 24.4035850400724 3.039999999999979
230.8822516413491 24.471330242236593 3.049999999999979
230.84843105363228 24.539044015541716 3.0599999999999787
230.8152986344795 24.60672617712809 3.0699999999999785
230.78285274496025 24.674376544737566 3.0799999999999783
230.7510917494774 24.74199493671564 3.089999999999978
230.72001401575307 24.80958117201341 3.099999999999978
230.68961791481507 24.87713507018953 3.1099999999999777
230.6599018209828 24.944656451412147 3.1199999999999775
230.63086411185427 25.012145136460926 3.1299999999999772
230.60250316829223 25.0796009467289 3.139999999999977
230.5748173744106 25.14702370422429 3.149999999999977
230.5478051175613 25.214413231572426 3.1599999999999766
230.52146478832105 25.28176935201759 3.1699999999999764
230.49579478047795 25.349091889424837 3.179999999999976
230.4707934910183 25.416380668281715 3.189999999999976
230.44645932011375 25.483635513700094 3.1999999999999758
230.42279067110803 25.55085625141776 3.2099999999999755
230.3997859505043 25.618042707800452 3.2199999999999753
230.37744356795216 25.68519470984314 3.229999999999975
230.35576193623479 25.752312085172054 3.239999999999975
230.33473947125634 25.819394662046037 3.2499999999999747
230.31437459202945 25.88644226935835 3.2599999999999745
230.29466572066252 25.95345473663827 3.2699999999999743
230.27561128234706 26.020431894052503 3.279999999999974
230.25720970534562 26.0873735724069 3.289999999999974
230.23945942097933 26.154279603147902 3.2999999999999736
230.22235886361565 26.221149818364065 3.3099999999999734
230.20590647065555 26.287984050787422 3.319999999999973
230.19010068252274 26.354782133795204 3.329999999999973
230.17493994265035 26.421543901410967 3.3399999999999728
230.1604226974693 26.488269188306155 3.3499999999999726
230.14654739639704 26.55495782980153 3.3599999999999723
230.1333124918243 26.62160966186837 3.369999999999972
230.12071643910488 26.688224521129932 3.379999999999972
230.10875769654257 26.754802244862677 3.3899999999999717
230.0974347253808 26.821342670997694 3.3999999999999715
230.08674598978988 26.887845638121803 3.4099999999999713
230.07668995685597 26.954310985478816 3.419999999999971
230.06726509657022 27.020738552970926 3.429999999999971
230.05846988181594 27.087128181159628 3.4399999999999706
230.050302788359 27.153479711267135 3.4499999999999704
230.04276229483534 27.219792985177406 3.45999999999997
230.03584688274026 27.286067845437238 3.46999999999997
230.0295550364174 27.35230413525746 3.47999999999997
230.02388524304746 27.41850169851391 3.4899999999999696
230.01883599263724 27.484660379748586 3.4999999999999694
230.01440577800884 27.55078002417059 3.509999999999969
230.0105930947891 27.61686047765724 3.519999999999969
230.00739644139782 27.682901586754877 3.5299999999999687
230.00481431903816 27.74890319868002 3.5399999999999685
230.0028452316854 27.814865161320142 3.5499999999999683
230.00148768607647 27.880787323234742 3.559999999999968
230.00074019169932 27.946669533656095 3.569999999999968
230.00060126078264 28.012511642490217 3.5799999999999677
230.00106940828496 28.07831350031758 3.5899999999999674
230.00214315188532 28.144074958394132 3.5999999999999672
230.00382101197184 28.209795868651952 3.609999999999967
230.006101511632 28.275476083699992 3.619999999999967
230.00898317664286 28.341115456825044 3.6299999999999666
230.0124645354602 28.406713841992218 3.6399999999999664
230.0165441192089 28.47227109384581 3.649999999999966
230.02122046167304 28.537787067709907 3.659999999999966
230.0264920992857 28.603261619589144 3.6699999999999657
230.03235757111946 28.668694606169275 3.6799999999999655
230.0388154188762 28.734085884817762 3.6899999999999653
230.04586418687745 28.799435313584457 3.699999999999965
230.05350242205517 28.864742751202133 3.709999999999965
230.06172867394145 28.930008057087065 3.7199999999999647
230.0705414946594 28.995231091339512 3.7299999999999645
230.07993943891336 29.060411714744248 3.7399999999999642
230.08992106397955 29.125549788771057 3.749999999999964
230.10048492969702 29.190645175575252 3.759999999999964
230.11162959845774 29.255697737997984 3.7699999999999636
230.12335363519762 29.320707339566784 3.7799999999999634
230.13565560738738 29.38567384449596 3.789999999999963
230.14853408502333 29.450597117686904 3.799999999999963
230.16198764061778 29.51547702472845 3.8099999999999627
230.17601484919098 29.580313431897338 3.8199999999999625
230.19061428826117 29.645106206158346 3.8299999999999623
230.20578453783625 29.70985521516473 3.839999999999962
230.22152418040446 29.77456032725845 3.849999999999962
230.23783180092596 29.839221411470376 3.8599999999999617
230.25470598682378 29.903838337520593 3.8699999999999615
230.27214532797512 29.968410975818568 3.8799999999999613
230.2901484167029 30.032939197463307 3.889999999999961
230.3087138477669 30.09742287424364 3.899999999999961
230.32784021835536 30.161861878638234 3.9099999999999606
230.34752612807625 30.226256083815777 3.9199999999999604
230.367770178949 30.2906053636351 3.92999999999996
230.38857097539645 30.35490959264528 3.93999999999996
230.40992712423568 30.419168646085616 3.9499999999999598
230.43183723467035 30.483382399885784 3.9599999999999596
230.4542999182824 30.547550730665776 3.9699999999999593
230.47731378902344 30.61167351573594 3.979999999999959
230.50087746320722 30.675750633096992 3.989999999999959
230.5249895595011 30.739781961439967 3.9999999999999587
230.5496486989183 30.80376738014612 4.009999999999959
230.57485350480937 30.867706769286883 4.019999999999959
230.60060260285516 30.931600009623825 4.0299999999999585
230.6268946210582 30.99544698260842 4.039999999999958
230.6537281897351 31.059247570382045 4.049999999999958
230.6811019415088 31.12300165577574 4.059999999999958
230.7090145113008 31.18670912231009 4.069999999999958
230.73746453632344 31.25036985419494 4.079999999999957
230.76645065607238 31.313983736329334 4.089999999999957
230.795971512319 31.377550654301185 4.099999999999957
230.82602574910274 31.44107049438706 4.109999999999957
230.85661201272376 31.504543143551885 4.119999999999957
230.88772895173508 31.56796848944866 4.129999999999956
230.9193752169361 31.63134642041828 4.139999999999956
230.95154946136424 31.694676825489005 4.149999999999956
230.98425034028836 31.7579595943763 4.159999999999956
231.01747651120104 31.821194617482377 4.1699999999999555
231.05122663381167 31.88438178589584 4.179999999999955
231.08549937003926 31.94752099139133 4.189999999999955
231.12029338400527 32.01061212642907 4.199999999999955
231.15560734202646 32.07365508415448 4.209999999999955
231.1914399126082 32.13664975839766 4.2199999999999545
231.22778976643698 32.19959604367296 4.229999999999954
231.264655576374 32.26249383517855 4.239999999999954
231.30203601744796 32.32534302879584 4.249999999999954
231.3399297668484 32.388143521089006 4.259999999999954
231.37833550391883 32.45089520930447 4.269999999999953
231.41725191015018 32.513597991370304 4.279999999999953
231.45667766917353 32.57625176589568 4.289999999999953
231.49661146675416 32.63885643217028 4.299999999999953
231.5370519907847 32.70141189016378 4.3099999999999525
231.57799793127833 32.763918040525056 4.319999999999952
231.61944798036237 32.826374784581716 4.329999999999952
231.66140083227222 32.88878202433938 4.339999999999952
231.70385518334396 32.951139662480955 4.349999999999952
231.74680973200932 33.013447602366114 4.3599999999999515
231.79026317878794 33.0757057480304 4.369999999999951
231.83421422628194 33.13791400418462 4.379999999999951
231.87866157916955 33.200072276214186 4.389999999999951
231.92360394419845 33.26218047017814 4.399999999999951
231.96904003018014 33.32423849280867 4.40999999999995
232.01496854798336 33.386246251510066 4.41999999999995
232.06138821052838 33.448203654358146 4.42999999999995
232.10829773278064 33.51011061009932 4.43999999999995
232.15569583174488 33.57196702814979 4.4499999999999496
232.20358122645894 33.63377281859472 4.459999999999949
232.25195263798835 33.6955278921874 4.469999999999949
232.30080878941982 33.75723216034834 4.479999999999949
232.3501484058558 33.818885535164384 4.489999999999949
232.39997021440846 33.880487929387876 4.4999999999999485
232.45027294419404 33.94203925643566 4.509999999999948
232.5010553263271 34.003539430388216 4.519999999999948
232.55231609391487 34.06498836598872 4.529999999999948
232.60405398205117 34.126385978641984 4.539999999999948
232.65626772781155 34.18773218441361 4.549999999999947
232.70895607024718 34.249026900029 4.559999999999947
232.76211775037936 34.310270042872254 4.569999999999947
232.81575151119415 34.37146153098525 4.579999999999947
232.8698560976369 34.4326012830666 4.589999999999947
232.92443025660666 34.493689218470585 4.599999999999946
232.97947273695112 34.55472525720614 4.609999999999946
233.03498228946086 34.61570931993572 4.619999999999946
233.09095766686426 34.676641327974316 4.629999999999946
233.1473976238225 34.737521203288324 4.6399999999999455
233.20430091692353 34.798348868494394 4.649999999999945
233.26166630467785 34.85912424685838 4.659999999999945
233.31949254751257 34.919847262294155 4.669999999999945
233.37777840776667 34.980517839362534 4.679999999999945
233.4365226496858 35.04113590327004 4.689999999999944
233.49572403941738 35.101701379867805 4.699999999999944
233.55538134500526 35.16221419565035 4.709999999999944
233.61549333638487 35.22267427775438 4.719999999999944
233.6760587853786 35.283081553957636 4.729999999999944
233.7370764656903 35.343435952677645 4.739999999999943
233.79854515290106 35.40373740297048 4.749999999999943
233.86046362446365 35.463985834529545 4.759999999999943
233.9228306596983 35.524181177684305 4.769999999999943
233.9856450397875 35.58432336339904 4.7799999999999425
234.04890554777197 35.64441232327157 4.789999999999942
234.11261096854489 35.70444798953195 4.799999999999942
234.17676008884808 35.764430295041215 4.809999999999942
234.24135169726694 35.82435917329001 4.819999999999942
234.30638458422604 35.88423455839734 4.8299999999999415
234.37185754198453 35.944056385109185 4.839999999999941
234.43776936463146 36.0038245887972 4.849999999999941
234.5041188480815 36.06353910545737 4.859999999999941
234.57090479007022 36.1231998717086 4.869999999999941
234.6381259901498 36.1828068247914 4.87999999999994
234.70578124968472 36.242359902566456 4.88999999999994
234.77386937184716 36.301859043513296 4.89999999999994
234.84238916161266 36.36130418672885 4.90999999999994
234.91133942575598 36.420695271926014 4.9199999999999395
234.98071897284686 36.4800322394323 4.929999999999939
235.05052661324567 36.53931503018837 4.939999999999939
235.12076115909875 36.59854358574655 4.949999999999939
235.1914214243353 36.657717848269506 4.959999999999939
235.2625062246622 36.71683776052864 4.9699999999999385
235.33401437756024 36.775903265902706 4.979999999999938
235.40594470228018 36.834914308376334 4.989999999999938
235.4782960198386 36.89387083253853 4.999999999999938
235.55106715301378 36.95277278358117 5.009999999999938
235.6242569263417 37.01162010729749 5.019999999999937
235.69786416611208 37.07041275008064 5.029999999999937
235.77188770036474 37.12915065892209 5.039999999999937
235.8463263588851 37.18783378141012 5.049999999999937
235.92117897320063 37.24646206572829 5.0599999999999365
235.9964443765774 37.305035460653954 5.069999999999936
236.0721214040153 37.36355391555658 5.079999999999936
236.14820889224504 37.42201738039628 5.089999999999936
236.22470567972402 37.48042580572222 5.099999999999936
236.30161060663303 37.538779142671096 5.1099999999999355
236.37892251487176 37.59707734296544 5.119999999999935
236.45664024805572 37.65532035891209 5.129999999999935
236.53476265151258 37.713508143400624 5.139999999999935
236.61328857227812 37.77164064990169 5.149999999999935
236.69221685909315 37.82971783246545 5.159999999999934
236.77154636239948 37.88773964571987 5.169999999999934
236.85127593433674 37.94570604486922 5.179999999999934
236.9314044287386 38.003616985692354 5.189999999999934
237.01193070112942 38.06147242454106 5.199999999999934
237.09285360872076 38.11927231833844 5.209999999999933
237.17417201040797 38.177016624577305 5.219999999999933
237.25588476676668 38.23470530131843 5.229999999999933
237.33799074004972 38.29233830718891 5.239999999999933
237.42048879418297 38.34991560138047 5.2499999999999325
237.50337779476322 38.407437143647904 5.259999999999932
237.58665660905385 38.46490289430719 5.269999999999932
237.67032410598205 38.522312814233985 5.279999999999932
237.75437915613546 38.579666864861814 5.289999999999932
237.8388206317588 38.63696500818036 5.299999999999931
237.92364740675106 38.69420720673387 5.309999999999931
238.00885835666176 38.75139342361931 5.319999999999931
238.0944523586883 38.80852362248472 5.329999999999931
238.18042829167248 38.865597767527454 5.339999999999931
238.26678503609764 38.92261582349248 5.34999999999993
238.35352147408562 38.979577755670604 5.35999999999993
238.44063648939317 39.03648352989678 5.36999999999993
238.52812896740969 39.0933331125483 5.37999999999993
238.61599779515367 39.150126470543086 5.3899999999999295
238.70424186126994 39.206863571337955 5.399999999999929
238.79286005602674 39.26354438292682 5.409999999999929
238.88185127131257 39.32016887383889 5.419999999999929
238.97121440063341 39.376737013136996 5.429999999999929
239.06094833911007 39.433248770415744 5.4399999999999284
239.15105198347462 39.489704115799775 5.449999999999928
239.24152423206854 39.54610301994194 5.459999999999928
239.33236398483902 39.60244545402157 5.469999999999928
239.4235701433368 39.658731389742634 5.479999999999928
239.51514161071282 39.71496079933199 5.489999999999927
239.6070772917159 39.77113365553751 5.499999999999927
239.6993760926899 39.8272499316264 5.509999999999927
239.792036921571 39.88330960138329 5.519999999999927
239.88505868788482 39.939312639108444 5.5299999999999265
239.97844030274422 39.995259019615986 5.539999999999926
240.07218067884628 40.05114871823209 5.549999999999926
240.16627873046954 40.106981710793065 5.559999999999926
240.26073337347185 40.162757973643636 5.569999999999926
240.35554352528771 40.218477483635105 5.5799999999999255
240.45070810492516 40.27414021812345 5.589999999999925
240.54622603296409 40.32974615496757 5.599999999999925
240.64209623155313 40.38529527252744 5.609999999999925
240.73831762440713 40.44078754966219 5.619999999999925
240.8348891368052 40.49622296572842 5.629999999999924
240.9318096955877 40.551601500578215 5.639999999999924
241.02907822915424 40.606923134557384 5.649999999999924
241.12669366746078 40.662187848503514 5.659999999999924
241.22465494201793 40.71739562374431 5.6699999999999235
241.3229609858877 40.7725464420955 5.679999999999923
241.42161073368194 40.827640285859175 5.689999999999923
241.52060312155976 40.88267713782187 5.699999999999923
241.61993708722474 40.93765698125264 5.709999999999923
241.71961156992336 40.992579799901286 5.7199999999999225
241.8196255104423 41.04744557799648 5.729999999999922
241.91997785110627 41.10225430024386 5.739999999999922
242.02066753577583 41.15700595182422 5.749999999999922
242.12169350984496 41.21170051839155 5.759999999999922
242.22305472023925 41.26633798607133 5.769999999999921
242.32475011541328 41.32091834145846 5.779999999999921
242.42677864534883 41.37544157161554 5.789999999999921
242.52913926155242 41.42990766407095 5.799999999999921
242.63183091705346 41.484316606816954 5.809999999999921
242.73485256640186 41.538668388307855 5.81999999999992
242.8382031656662 41.592962997458095 5.82999999999992
242.9418816724315 41.64720042364039 5.83999999999992
243.04588704579717 41.70138065668389 5.84999999999992
243.15021824637512 41.75550368687222 5.8599999999999195
243.25487423628746 41.809569504941635 5.869999999999919
243.3598539791649 41.86357810207921 5.879999999999919
243.4651564401442 41.917529469920815 5.889999999999919
243.57078058586666 41.97142360054939 5.899999999999919
243.67672538447624 42.025260486492954 5.909999999999918
243.7829898056171 42.079040120722766 5.919999999999918
243.88957282043197 42.13276249665141 5.929999999999918
243.99647340156065 42.186427608131 5.939999999999918
244.10369052313723 42.24003544945114 5.949999999999918
244.21122316078933 42.293586015337254 5.959999999999917
244.3190702916349 42.34707930094846 5.969999999999917
244.4272308942817 42.400515301875906 5.979999999999917
244.53570394882462 42.45389401414073 5.989999999999917
244.64448843684426 42.50721543419228 5.9999999999999165
244.75358334140486 42.56047955890618 6.009999999999916
244.86298764705313 42.613686385582454 6.019999999999916
244.97270033981545 42.66683591194365 6.029999999999916
245.0827204071971 42.719928136132935 6.039999999999916
245.19304683817992 42.77296305671228 6.0499999999999154
245.30367862322112 42.825940672660515 6.059999999999915
245.4146147542511 42.87886098337147 6.069999999999915
245.5258542246718 42.931723988652074 6.079999999999915
245.63739602935536 42.984529688720514 6.089999999999915
245.7492391646423 43.03727808420436 6.099999999999914
245.86138262833978 43.08996917613866 6.109999999999914
245.97382541972 43.14260296596406 6.119999999999914
246.08656653951877 43.19517945552495 6.129999999999914
246.19960498993353 43.24769864706758 6.1399999999999135
246.31293977462218 43.3001605432382 6.149999999999913
246.42656989870144 43.352565147081165 6.159999999999913
246.54049436874482 43.40491246203708 6.169999999999913
246.65471219278186 43.45720249194097 6.179999999999913
246.7692223802958 43.50943524102031 6.1899999999999125
246.88402394222274 43.56161071389325 6.199999999999912
246.99911589094953 43.61372891556672 6.209999999999912
247.1144972403128 43.66578985143455 6.219999999999912
247.2301670055973 43.71779352727566 6.229999999999912
247.34612420353417 43.76973994925214 6.239999999999911
247.4623678522999 43.82162912390743 6.249999999999911
247.57889697151464 43.87346105816441 6.259999999999911
247.69571058224068 43.92523575932363 6.269999999999911
247.81280770698154 43.976953235061394 6.2799999999999105
247.93018736967983 44.02861349342792 6.28999999999991
248.0478485957166 44.08021654284552 6.29999999999991
248.1657904119094 44.13176239210671 6.30999999999991
248.284011846511 44.183251050372355 6.31999999999991
248.40251192920854 44.23468252716992 6.3299999999999095
248.52128969112144 44.28605683239149 6.339999999999909
248.6403441648007 44.33737397629208 6.349999999999909
248.7596743842272 44.38863396948765 6.359999999999909
248.87927938481042 44.439836822953374 6.369999999999909
248.99915820338737 44.49098254802179 6.379999999999908
249.11930987822126 44.542071156380956 6.389999999999908
249.2397334489998 44.593102660072574 6.399999999999908
249.3604279568347 44.64407707149027 6.409999999999908
249.4813924442597 44.69499440337768 6.419999999999908
249.6026259552298 44.74585466882668 6.429999999999907
249.7241275351197 44.79665788127557 6.439999999999907
249.84589623072287 44.847404054507216 6.449999999999907
249.96793109025015 44.89809320264726 6.459999999999907
250.09023116332887 44.948725340162355 6.4699999999999065
250.21279550100098 44.99930048185828 6.479999999999906
250.33562315572254 45.04981864287821 6.489999999999906
250.45871318136247 45.10027983870085 6.499999999999906
250.58206463320096 45.150684085138685 6.509999999999906
250.7056765679287 45.20103139833616 6.519999999999905
250.82954804364584 45.25132179476791 6.529999999999905
250.95367811986048 45.301555291236944 6.539999999999905
251.07806585748799 45.35173190487289 6.549999999999905
251.20271031884937 45.401851653130166 6.559999999999905
251.32761056767063 45.45191455378625 6.569999999999904
251.45276566908157 45.50192062493989 6.579999999999904
251.5781746896145 45.55186988500928 6.589999999999904
251.70383669720366 45.601762352730404 6.599999999999904
251.8297507611835 45.65159804715514 6.6099999999999035
251.9559159522881 45.70137698764956 6.619999999999903
252.08233134265012 45.75109919389219 6.629999999999903
252.20899600579938 45.80076468587221 6.639999999999903
252.3359090166625 45.85037348388775 6.649999999999903
252.4630694515611 45.89992560854406 6.659999999999902
252.59047638821147 45.94942108075185 6.669999999999902
252.718128905723 45.99885992172547 6.679999999999902
252.84602608459798 46.048242152981274 6.689999999999902
252.97416700672974 46.09756779633579 6.699999999999902
253.10255075540198 46.14683687390397 6.709999999999901
253.23117641528836 46.19604940809758 6.719999999999901
253.36004307245065 46.245205421623396 6.729999999999901
253.48914981433856 46.29430493748147 6.739999999999901
253.61849572978807 46.343347978963436 6.7499999999999005
253.74807990902133 46.39233456965082 6.7599999999999
253.87790144364482 46.44126473341328 6.7699999999999
254.00795942664936 46.490138494406956 6.7799999999999
254.1382529524087 46.53895587707272 6.7899999999999
254.26878111667833 46.58771690613451 6.7999999999998995
254.39954301659535 46.63642160659761 6.809999999999899
254.53053775067679 46.685070003746965 6.819999999999899
254.6617644188196 46.733662123145564 6.829999999999899
254.7932221222988 46.7821979906326 6.839999999999899
254.92490996376745 46.830677632321986 6.849999999999898
255.05682704725544 46.87910107460051 6.859999999999898
255.18897247816847 46.9274683441263 6.869999999999898
255.32134536328755 46.97577946782703 6.879999999999898
255.45394481076806 47.024034472898414 6.8899999999998975
255.58676993013873 47.072233386802374 6.899999999999897
255.71981983230114 47.12037623726552 6.909999999999897
255.85309362952862 47.16846305227746 6.919999999999897
255.98659043546567 47.21649386008912 6.929999999999897
256.12030936512684 47.26446868921114 6.9399999999998965
256.25424953489653 47.31238756841226 6.949999999999896
256.38841006252727 47.36025052671763 6.959999999999896
256.52279006713997 47.40805759340721 6.969999999999896
256.65738866922254 47.455808798014175 6.979999999999896
256.79220499062905 47.503504170323225 6.989999999999895
256.92723815457936 47.55114374036904 6.999999999999895
257.0624872856579 47.59872753843465 7.009999999999895
257.19795150981366 47.64625559504982 7.019999999999895
257.3336299543585 47.69372794098945 7.0299999999998946
257.4695217479672 47.74114460727196 7.039999999999894
257.6056260206758 47.78850562515772 7.049999999999894
257.7419419038824 47.835811026147496 7.059999999999894
257.87846853034466 47.88306084198079 7.069999999999894
258.01520503418044 47.93025510463435 7.0799999999998935
258.15215055086617 47.977393846320446 7.089999999999893
258.2893042172371 48.02447709948553 7.099999999999893
258.4266651714854 48.071504896808456 7.109999999999893
258.56423255316054 48.118477271199026 7.119999999999893
258.70200550316815 48.165394255796436 7.129999999999892
258.8399831637688 48.21225588396766 7.139999999999892
258.97816467857876 48.25906218930597 7.149999999999892
259.1165491925677 48.30581320562938 7.159999999999892
259.25513585205897 48.352508966979066 7.169999999999892
259.39392380472873 48.39914950761791 7.179999999999891
259.5329121996055 48.445734862028885 7.189999999999891
259.6721001870686 48.492265064913596 7.199999999999891
259.8114869188489 48.53874015119074 7.209999999999891
259.9510715480269 48.585160155994586 7.2199999999998905
260.09085322903286 48.63152511467347 7.22999999999989
260.2308311176459 48.677835062788304 7.23999999999989
260.3710043709932 48.72409003611107 7.24999999999989
260.5113721475498 48.77029007062328 7.25999999999989
260.6519336071376 48.81643520251458 7.269999999999889
260.7926879109247 48.8625254681812 7.279999999999889
260.9336342214251 48.908560904224444 7.289999999999889
261.0747717024979 48.954541547449324 7.299999999999889
261.2160995193467 49.00046743486297 7.309999999999889
261.35761683851894 49.04633860367324 7.319999999999888
261.4993228279052 49.09215509128723 7.329999999999888
261.64121665673906 49.13791693530984 7.339999999999888
261.783297495596 49.18362417354227 7.349999999999888
261.92556451639314 49.22927684398066 7.3599999999998875
262.0680168923881 49.274874984814566 7.369999999999887
262.2106537981793 49.32041863442555 7.379999999999887
262.3534744097045 49.3659078313858 7.389999999999887
262.496477904241 49.41134261445663 7.399999999999887
262.6396634604043 49.456723022587084 7.4099999999998865
262.7830302581482 49.50204909491255 7.419999999999886
262.9265774787636 49.54732087075329 7.429999999999886
263.0703043048785 49.59253838961309 7.439999999999886
263.2142099204573 49.637701691177845 7.449999999999886
263.3582935107995 49.682810815314106 7.459999999999885
263.5025542625407 49.72786580206779 7.469999999999885
263.64699136365033 49.772866691662685 7.479999999999885
263.79160400343244 49.81781352449917 7.489999999999885
263.9363913725242 49.86270634115278 7.4999999999998845
264.0813526628958 49.90754518237279 7.509999999999884
264.22648706785003 49.95233008908097 7.519999999999884
264.3717937820215 49.997061102370125 7.529999999999884
264.51727200137594 50.041738263502744 7.539999999999884
264.6629209232103 50.08636161390975 7.5499999999998835
264.80873974615133 50.13093119518898 7.559999999999883
264.95472767015565 50.17544704910401 7.569999999999883
265.1008838965093 50.21990921758269 7.579999999999883
265.24720762782664 50.26431774271593 7.589999999999883
265.39369806805047 50.30867266675628 7.599999999999882
265.5403544224511 50.35297403211665 7.609999999999882
265.68717589762576 50.39722188136898 7.619999999999882
265.83416170149854 50.44141625724293 7.629999999999882
265.9813110433196 50.485557202624584 7.6399999999998816
266.12862313366406 50.52964476055515 7.649999999999881
266.27609718443273 50.57367897422964 7.659999999999881
266.4237324088507 50.61765988699559 7.669999999999881
266.57152802146703 50.66158754235182 7.679999999999881
266.71948323815434 50.705461983947046 7.6899999999998805
266.86759727610814 50.74928325557872 7.69999999999988
267.0158693538464 50.79305140119168 7.70999999999988
267.1642986912091 50.83676646487692 7.71999999999988
267.3128845093579 50.88042849087033 7.72999999999988
267.461626030775 50.924037523551405 7.739999999999879
267.61052247926347 50.96759360744204 7.749999999999879
267.759573079946 51.01109678720527 7.759999999999879
267.90877705926516 51.05454710764398 7.769999999999879
268.05813364498215 51.09794461369976 7.779999999999879
268.2076420661768 51.141289350451586 7.789999999999878
268.35730155324677 51.18458136311466 7.799999999999878
268.5071113379075 51.22782069703915 7.809999999999878
268.6570706531913 51.27100739770899 7.819999999999878
268.8071787334468 51.31414151074066 7.8299999999998775
268.95743481433885 51.357223081882 7.839999999999877
269.107838132848 51.400252157010975 7.849999999999877
269.25838792726944 51.44322878213452 7.859999999999877
269.4090834372133 51.48615300338731 7.869999999999877
269.55992390360353 51.52902486703062 7.879999999999876
269.7109085686778 51.571844419451075 7.889999999999876
269.8620366759869 51.61461170715957 7.899999999999876
270.013307470394 51.65732677678998 7.909999999999876
270.16472019807486 51.69998967509814 7.919999999999876
270.31627410651646 51.74260044896052 7.929999999999875
270.4679684445172 51.785159145373235 7.939999999999875
270.6198024621863 51.827665811450764 7.949999999999875
270.7717754109426 51.870120494424846 7.959999999999875
270.9238865435155 51.91252324164339 7.9699999999998745
271.0761351139431 51.95487410056927 7.979999999999874
271.22852037757224 51.9971731187792 7.989999999999874
271.3810415910585 52.03942034396268 7.999999999999874
271.5336980123648 52.08161582392077 8.009999999999874
271.6864889007618 52.12375960656509 8.019999999999873
271.8394135168267 52.16585173991656 8.029999999999873
271.99247112244325 52.20789227210446 8.039999999999873
272.1456609808012 52.249881251365224 8.049999999999873
272.29898235639536 52.29181872604135 8.059999999999873
272.45243451502586 52.33370474458034 8.069999999999872
272.6060167237971 52.37553935553362 8.079999999999872
272.7597282511177 52.41732260755543 8.089999999999872
272.91356836669945 52.45905454940172 8.099999999999872
273.06753634155757 52.50073522992918 8.109999999999872
273.22163144800925 52.54236469809406 8.119999999999871
273.3758529596746 52.583943002951195 8.129999999999871
273.5302001514747 52.62547019365289 8.139999999999871
273.68467229963176 52.666946319447874 8.14999999999987
273.83926868166907 52.708371429680305 8.15999999999987
273.9939885764096 52.74974557378864 8.16999999999987
274.1488312639764 52.79106880130471 8.17999999999987
274.3037960257914 52.832341161852554 8.18999999999987
274.4588821445755 52.87356270514752 8.19999999999987
274.6140889043477 52.91473348099516 8.20999999999987
274.7694155904248 52.95585353929024 8.21999999999987
274.9248614894207 52.996922930015685 8.229999999999869
275.0804258892468 53.03794170324168 8.239999999999869
275.2361080791099 53.07890990912454 8.249999999999869
275.3919073495131 53.11982759790576 8.259999999999868
275.5478229922547 53.16069481991106 8.269999999999868
275.7038543004281 53.201511625549344 8.279999999999868
275.86000056842073 53.242278065311716 8.289999999999868
276.01626109191426 53.28299418977054 8.299999999999867
276.1726351678836 53.32366004957843 8.309999999999867
276.32912209459636 53.36427569546728 8.319999999999867
276.48572117161297 53.4048411782473 8.329999999999867
276.6424316997856 53.44535654880612 8.339999999999867
276.79925298125767 53.4858218581077 8.349999999999866
276.95618431946406 53.5262371571915 8.359999999999866
277.1132250191294 53.56660249717148 8.369999999999866
277.27037438626905 53.60691792923515 8.379999999999866
277.4276317281873 53.647183504642655 8.389999999999866
277.58499635347755 53.687399274725834 8.399999999999865
277.74246757202184 53.727565290887306 8.409999999999865
277.9000446949901 53.76768160459951 8.419999999999865
278.0577270348395 53.8077482674038 8.429999999999865
278.2155139053146 53.84776533090958 8.439999999999864
278.3734046214461 53.88773284679331 8.449999999999864
278.5313984995511 53.92765086679765 8.459999999999864
278.6894948572315 53.96751944273056 8.469999999999864
278.84769301337485 54.007338626464396 8.479999999999864
279.0059922881528 54.04710846993502 8.489999999999863
279.164392003021 54.08682902514087 8.499999999999863
279.3228914807186 54.126500344142194 8.509999999999863
279.4814900452678 54.166122479060014 8.519999999999863
279.6401870219729 54.2056954820754 8.529999999999863
279.7989817374203 54.245219405428486 8.539999999999862
279.95787351947786 54.284694301417666 8.549999999999862
280.11686169729427 54.324120222398754 8.559999999999862
280.2759456012986 54.36349722078405 8.569999999999862
280.4351245631995 54.40282534904156 8.579999999999862
280.5943979159855 54.44210465969412 8.589999999999861
280.7537649939235 54.48133520531857 8.599999999999861
280.9132251325586 54.52051703854487 8.60999999999986
281.072777668714 54.559650212055345 8.61999999999986
281.23242194049 54.598734778583754 8.62999999999986
281.3921572872634 54.6377707909146 8.63999999999986
281.55198304968735 54.67675830188215 8.64999999999986
281.71189856969056 54.71569736436975 8.65999999999986
281.87190319047716 54.754588031308984 8.66999999999986
