91.38888888888889 517 32.0 0.5894352139700219
100.0 594 64.0 402.61964143604195
94.72222222222221 436 11.0 0.759356377450178
110.0 447 2.0 0.6890801843899761
98.61111111111111 366 11.0 0.192034622489176
97.77777777777777 314 45.0 287.43203337544276
94.16666666666667 464 42.0 716.8755630505402
89.72222222222221 445 34.0 582.6312490993455
91.11111111111111 579 24.000000000000004 0.6768763302868936
97.5 477 46.0 712.4424369606451
83.61111111111111 655 23.0 0.4018515706739608
102.22222222222221 749 57.00000000000001 1.133948563481867
101.11111111111111 618 26.0 0.7784524874331239
90.83333333333333 569 44.0 468.89085290825443
87.22222222222221 526 50.0 23.60657597957055
86.11111111111111 732 63.0 46.55039406779408
88.33333333333333 384 26.0 0.8010430031847884
87.5 685 27.0 3.4925969545233224
90.27777777777777 313 38.0 556.6284404871997
101.94444444444444 316 10.0 0.3226850618073369
102.22222222222221 367 74.0 2.8853746573332884
104.16666666666666 711 53.0 1.4553460106696243
90.55555555555556 416 68.0 1.2753230817928678
106.11111111111111 450 55.0 670.066376706618
106.66666666666666 542 33.0 0.5814900209657726
89.72222222222221 651 71.0 588.5258138476269
102.77777777777777 542 74.0 1.3006946380240683
87.5 355 73.0 44.017373779777266
110.55555555555556 541 61.0 2.058755146542073
86.38888888888889 387 37.0 541.5133301989914
105.0 516 20.0 0.8240288314149817
103.88888888888889 710 13.0 22.547769171377873
89.44444444444444 569 18.0 456.2620294710089
89.44444444444444 674 66.0 1.1743435977163346
89.44444444444444 502 73.0 677.6092575187658
101.11111111111111 364 20.0 669.6813024424022
88.05555555555556 412 17.0 499.55379396954
96.66666666666666 446 49.0 197.2169391028911
83.33333333333333 712 53.0 1.1554054173217143
96.38888888888889 698 21.0 0.8913043466649128
105.83333333333333 308 0.0 0.0
86.66666666666667 401 11.0 537.1106632905213
101.11111111111111 562 74.0 4.005951246649309
95.55555555555556 562 75.0 4.664711392524658
108.88888888888889 341 29.000000000000004 0.5275159492152036
99.44444444444444 420 29.000000000000004 775.0352511587796
87.77777777777777 600 19.0 6.982453384946405
85.83333333333333 417 21.0 0.6838788142062845
98.88888888888889 339 62.0 490.30774194121983
91.66666666666667 408 55.0 548.9307631892415
83.88888888888889 763 4.0 0.7725550758572066
89.44444444444444 761 25.0 0.7937916328883199
85.0 545 49.0 109.8985167285652
96.38888888888889 645 40.0 405.9856347706699
95.27777777777777 684 5.0 762.17546901004
101.11111111111111 403 19.0 0.7265802414502974
102.77777777777777 340 23.0 0.8771036487598473
96.11111111111111 769 70.0 1.918443468424911
84.72222222222221 479 3.0000000000000004 0.09440683225512476
101.11111111111111 349 44.0 465.8341138108898
83.33333333333333 515 51.0 285.41857310265556
90.0 728 40.0 698.9913773235967
90.83333333333333 337 54.0 554.385304117911
83.61111111111111 436 25.0 0.781707304229197
101.11111111111111 643 38.0 0.8444951052376555
93.88888888888889 562 32.0 1.8497554355185237
106.94444444444444 346 3.0000000000000004 0.9745937328689294
94.16666666666667 533 27.0 659.3519295931825
94.16666666666667 418 25.0 269.8686446950989
103.33333333333333 510 22.0 0.6326431585313529
89.16666666666667 487 7.0 85.13329596202905
94.72222222222221 379 61.0 1.3328549765993989
99.72222222222221 588 5.0 652.4090615024579
108.88888888888889 629 35.0 1.0423725039918064
91.94444444444444 584 10.0 479.3156932250587
92.22222222222221 402 43.0 206.41685120467525
98.33333333333333 739 19.0 656.3737588567765
102.22222222222221 713 68.0 9.118387911054496
95.83333333333333 485 33.0 0.6747998294163026
95.0 643 26.0 0.6687491804388038
95.0 458 16.0 755.6512696282701
106.66666666666666 761 69.0 1.9868380959213894
95.55555555555556 517 47.0 0.8436306916764514
83.61111111111111 362 2.0 529.7104479552755
102.5 741 38.0 676.6428072749626
86.11111111111111 605 59.00000000000001 1.1099154616159528
105.27777777777777 687 33.0 0.8034166812831208
102.5 571 35.0 869.3185394693845
98.88888888888889 537 66.0 5.884742754598739
107.77777777777777 610 1.0 0.9283620013624483
94.16666666666667 385 33.0 0.5939372418015882
100.0 624 0.0 0.0
89.72222222222221 521 21.0 605.1216155326497
84.44444444444444 485 35.0 0.6849622706033808
85.27777777777777 548 57.00000000000001 1.055170663926341
87.22222222222221 444 26.0 405.6494783601718
92.5 635 9.0 0.8660679948662028
108.33333333333333 528 39.0 3.2412676290942097
98.61111111111111 327 14.999999999999998 0.9836369531358584
92.77777777777777 360 59.99999999999999 1.171526119963616
92.77777777777777 487 58.00000000000001 103.64476909482421
100.0 787 33.0 0.5767878455040031
110.83333333333333 443 62.0 106.44368829329571
87.5 400 34.0 421.70700283727734
90.83333333333333 707 53.0 219.8420632745192
109.44444444444444 361 17.0 1.0903486217535507
91.11111111111111 739 5.0 597.9639574664301
95.27777777777777 537 53.0 4.728803057474569
85.0 451 31.0 320.19545553131275
100.83333333333333 563 26.0 690.1296713866345
103.88888888888889 575 50.0 187.64465054934607
91.11111111111111 591 58.00000000000001 2.7273540264856755
98.05555555555556 398 39.0 0.8710729068286127
100.0 455 7.0 0.8696996227563365
104.72222222222221 686 56.0 1.3197170359505497
92.5 440 4.0 0.9122634948835782
106.66666666666666 529 3.0000000000000004 0.3773473646712796
96.11111111111111 685 35.0 4.7867680902600025
106.94444444444444 717 18.0 0.8643373386236965
99.44444444444444 678 1.0 776.8610249587888
97.22222222222221 404 13.0 0.36964554590742005
83.88888888888889 347 37.0 0.6571887456690189
86.66666666666667 605 45.0 0.8126212986124709
96.66666666666666 577 14.999999999999998 722.1700603231219
99.16666666666666 508 49.0 783.2062610170734
94.44444444444444 395 43.0 757.4325158726391
103.88888888888889 531 36.0 153.2843832398932
96.38888888888889 417 57.00000000000001 1.633521662235017
102.22222222222221 305 22.0 451.75887897510125
95.0 650 8.0 0.9142740725730136
105.0 617 47.0 0.8852712200550669
107.22222222222221 447 8.0 0.6852175206275479
83.33333333333333 615 64.0 617.450140853153
110.27777777777777 549 23.0 0.8805450889453462
93.33333333333333 588 17.0 588.6231287228668
87.5 684 73.0 664.0945683861054
88.05555555555556 685 61.0 7.888645031376835
88.33333333333333 692 52.0 1.4766014985676326
91.38888888888889 692 73.0 1.7536481363196086
85.55555555555556 481 70.0 395.89124163981876
91.66666666666667 441 55.0 1.1894561653360376
89.16666666666667 561 3.0000000000000004 0.20601431846312532
111.11111111111111 389 56.0 915.9553475231146
97.22222222222221 420 2.0 744.2235943950631
85.27777777777777 737 38.0 0.7083667092090421
107.77777777777777 380 6.000000000000001 1.07176479346041
105.55555555555556 756 16.0 0.5343040051571124
106.38888888888889 651 43.0 720.3505311737513
107.77777777777777 563 3.0000000000000004 743.1119406048696
90.0 676 71.0 569.5458956270943
101.66666666666666 626 71.0 596.6863098364272
98.88888888888889 764 29.999999999999996 667.5693553775152
110.0 587 37.0 2.05314425776231
108.05555555555556 756 2.0 0.46759855182437504
110.83333333333333 301 65.0 935.545524833946
108.88888888888889 452 21.0 717.521462013749
90.0 715 71.0 588.9996473907631
106.11111111111111 592 12.000000000000002 0.28989343149158614
95.83333333333333 485 12.000000000000002 0.40925706845677257
90.27777777777777 548 47.0 0.8411737839613412
102.22222222222221 496 61.0 623.3098213882042
92.22222222222221 600 1.0 0.920237245891531
106.66666666666666 328 10.0 0.3568372261789623
101.11111111111111 339 55.0 509.8442463577039
91.66666666666667 521 29.999999999999996 628.321742891399
92.22222222222221 719 68.0 3.553797596393423
86.66666666666667 430 10.0 0.8167011883595182
104.72222222222221 566 73.0 3.0128282652143166
91.66666666666667 417 1.0 0.6168072861957659
95.0 793 20.0 0.42180291819287735
88.61111111111111 643 23.0 0.6091933906090411
87.22222222222221 645 61.0 458.0248885401189
95.83333333333333 379 56.0 1.270215304838106
92.22222222222221 336 67.0 8.234425373140475
102.5 695 25.0 690.4950712407536
98.88888888888889 598 25.0 0.6270657474909064
104.44444444444444 675 14.999999999999998 0.9781388943298529
98.61111111111111 383 17.0 462.6254349740624
93.33333333333333 461 66.0 1.7211350626584543
110.83333333333333 531 35.0 172.02468753780292
86.66666666666667 644 53.0 22.161546253459868
102.5 516 16.0 0.7803695145529641
110.0 430 53.0 3.1701386039622723
90.27777777777777 609 41.0 586.0327540547239
103.05555555555556 399 70.0 71.32680908746919
95.83333333333333 355 10.0 17.95763577248638
104.44444444444444 571 42.0 894.3502992688443
93.05555555555556 781 49.0 0.9021436181229855
96.11111111111111 330 20.0 227.75751374097032
87.22222222222221 452 13.0 486.6772431097434
105.83333333333333 707 53.0 289.89555443183235
110.55555555555556 428 0.0 0.0
102.77777777777777 566 74.0 2.974626624810931
84.72222222222221 335 70.0 1.4031819747591543
102.5 302 27.0 1.9373178653538339
99.72222222222221 618 62.0 1.6508547491127008
101.94444444444444 631 32.0 1.9064222421328136
98.88888888888889 768 8.0 0.18263137441542232
84.72222222222221 611 3.0000000000000004 0.0622756613969099
101.38888888888889 711 17.0 0.6224061489514356
91.66666666666667 655 67.0 1.1700750923055472
88.88888888888889 613 5.0 464.9236124823844
110.0 422 38.0 0.8737355576996078
85.27777777777777 306 55.0 164.84575362683142
101.38888888888889 719 21.0 0.9925943533519455
111.11111111111111 618 66.0 1.804368442479994
93.05555555555556 607 4.0 619.5574078448034
108.61111111111111 421 20.0 11.858833658945626
87.5 378 18.0 0.5618095544739907
88.88888888888889 709 1.0 634.209839885356
92.5 471 18.0 367.2570694315375
85.55555555555556 306 63.0 160.6760734973525
100.27777777777777 592 66.0 1.2125674624931801
91.66666666666667 623 46.0 1.3161052648325284
97.77777777777777 534 48.00000000000001 141.93450618472912
91.11111111111111 763 65.0 3.523149852508715
94.44444444444444 748 68.0 4.649513876754925
84.44444444444444 458 21.0 618.2130570652826
87.5 692 5.0 0.5837356633104825
102.5 619 38.0 212.40333317252615
90.27777777777777 446 54.0 174.6287969831543
86.11111111111111 431 9.0 542.9233683337256
106.66666666666666 467 73.0 1.6015953211617135
105.0 360 2.0 0.29942137843443734
102.5 354 40.0 0.8906117487996184
108.05555555555556 448 59.00000000000001 1.2364011588187176
88.33333333333333 772 2.0 679.9803668543001
87.77777777777777 458 33.0 660.823842549342
95.0 749 39.0 0.7261836879838727
93.05555555555556 516 6.000000000000001 0.6698679408220507
110.55555555555556 593 67.0 1.979598586462366
92.22222222222221 567 66.0 1.1567817616356935
91.11111111111111 541 59.99999999999999 1.7908221413257437
104.72222222222221 351 37.0 877.939060365402
99.44444444444444 550 5.0 372.5938864962807
84.44444444444444 704 59.99999999999999 4.175946398242908
103.33333333333333 484 34.0 3.0916713737125336
111.11111111111111 662 74.0 1.9189067289920934
105.55555555555556 729 28.0 4.190408222165296
100.55555555555556 610 47.0 1.9156788783414773
84.72222222222221 484 56.0 5.065925197879427
92.77777777777777 600 14.999999999999998 5.540983507847556
85.55555555555556 490 21.0 130.56619286754355
103.05555555555556 580 62.0 1.3196581153199751
108.05555555555556 367 53.0 2.0410699041774882
101.11111111111111 738 63.0 4.031815559273482
89.44444444444444 674 5.0 0.14380936661685922
95.0 497 27.0 0.9008053601084633
85.0 377 8.0 9.297623104332953
106.11111111111111 453 45.0 1.9049336481846617
96.94444444444444 569 27.0 522.6879445639781
101.94444444444444 341 22.0 0.40841204367443934
83.33333333333333 309 34.0 0.6939751132019102
103.61111111111111 302 9.0 0.9631909833170861
94.44444444444444 461 16.0 0.7051170830570729
84.16666666666667 746 27.0 22.203143319488802
98.33333333333333 640 73.0 794.5236903658312
86.66666666666667 778 21.0 542.9782882470427
96.38888888888889 726 26.0 438.4323737811425
87.22222222222221 738 25.0 1.731854811600118
95.55555555555556 628 49.0 493.5528951265394
90.83333333333333 538 47.0 581.1902454004946
98.33333333333333 377 9.0 10.744994430401565
105.27777777777777 490 51.0 196.28756826139957
107.77777777777777 711 64.0 1.612118596783583
100.27777777777777 683 0.0 0.0
105.55555555555556 404 14.0 0.400081200068353
90.0 321 0.0 0.0
110.0 387 56.0 768.9756525952964
108.33333333333333 561 65.0 1.2332417215018194
84.72222222222221 784 35.0 308.7896248942128
83.61111111111111 654 73.0 2.487205924786256
85.55555555555556 759 41.0 423.0206222197918
90.0 767 65.0 2.676914230858535
108.61111111111111 654 59.99999999999999 2.125672090887812
88.88888888888889 604 46.0 1.4592386138351416
105.27777777777777 384 29.999999999999996 0.9449027138573552
92.5 334 29.999999999999996 0.7282181545334915
88.05555555555556 336 2.0 0.8701793714856387
90.83333333333333 488 63.0 367.9614720646653
84.44444444444444 638 28.0 314.93104087116683
84.72222222222221 615 36.0 634.9629196470207
88.88888888888889 562 62.0 3.5061374735420388
93.61111111111111 443 70.0 84.2819669915438
85.83333333333333 603 47.0 259.0358636707593
93.61111111111111 352 48.00000000000001 6.513792523279978
95.27777777777777 789 73.0 575.0524398595238
93.33333333333333 613 11.0 505.09245274173537
106.11111111111111 635 25.0 2.0006805408198964
100.83333333333333 336 34.0 4.017266865420095
98.33333333333333 678 29.999999999999996 762.7546318109285
96.38888888888889 684 38.0 776.1484066849998
109.72222222222221 720 51.0 765.7793804220005
87.5 726 37.0 370.9461678680325
101.38888888888889 563 56.0 694.9395448265536
102.77777777777777 341 19.0 0.36006933858730616
87.22222222222221 588 7.0 527.9199314111252
85.55555555555556 739 50.0 547.7222795314044
95.55555555555556 411 34.0 1.7320277793466818
98.05555555555556 673 46.0 1.6999988327962574
106.11111111111111 439 62.0 904.8285732822907
87.5 668 8.0 0.37641108034885323
89.16666666666667 366 21.0 0.3665398805311129
96.94444444444444 634 38.0 753.9565048939855
87.77777777777777 381 68.0 527.1055033207031
98.61111111111111 732 43.0 46.65701655912907
91.66666666666667 541 42.0 1.63509501997971
105.83333333333333 712 74.0 1.5621976664064665
87.5 329 63.0 1.5766259311881117
85.83333333333333 502 16.0 630.9147481930518
85.55555555555556 641 21.0 3.4111883563296495
102.5 323 59.00000000000001 1.9930020115489115
89.44444444444444 334 33.0 0.7558109620597678
103.61111111111111 384 20.0 0.8491903993323452
85.55555555555556 447 11.0 0.5688113779511684
102.5 735 47.0 266.79405963213395
97.77777777777777 370 31.0 801.6439355787858
87.5 697 34.0 527.5494930055555
108.61111111111111 442 20.0 0.7096392698067044
110.27777777777777 328 31.0 0.6294987984811454
85.55555555555556 652 47.0 285.3569404068049
100.83333333333333 342 33.0 1.914694407256197
102.77777777777777 600 20.0 8.166823488092485
105.0 509 17.0 5.229374149332645
101.38888888888889 418 12.000000000000002 307.49500422097526
88.05555555555556 334 28.0 0.6862721073975372
92.77777777777777 370 25.0 734.5537947172749
105.0 421 47.0 22.790737610830636
89.72222222222221 693 68.0 1.2850601746450354
90.83333333333333 643 9.0 0.4952766885764843
106.66666666666666 788 22.0 0.991017448628589
91.38888888888889 337 1.0 557.3792526334377
96.11111111111111 303 29.999999999999996 0.5464881068095045
94.44444444444444 395 57.00000000000001 757.6054874326509
83.61111111111111 564 54.0 217.22726124664933
105.55555555555556 757 8.0 2.0948044088895954
111.11111111111111 427 29.000000000000004 541.5705708621635
101.94444444444444 751 35.0 297.84723315069164
103.33333333333333 521 41.0 771.7529023298338
104.16666666666666 651 64.0 707.8677325112193
83.61111111111111 385 61.0 1.0953175486502351
109.16666666666666 623 47.0 1.0289458510018479
101.11111111111111 519 53.0 693.2773785653883
90.0 450 65.0 583.9096170816463
83.88888888888889 530 28.0 0.7001896359035237
100.55555555555556 549 19.0 0.7878998011716051
90.27777777777777 533 12.000000000000002 610.7786733872057
91.38888888888889 430 36.0 1.7949405765134043
91.66666666666667 434 75.0 3.5284601827754902
100.55555555555556 465 74.0 23.803488793933532
107.22222222222221 791 1.0 923.122174946079
97.77777777777777 525 48.00000000000001 514.471138693529
100.0 762 33.0 0.5985135161207182
86.66666666666667 552 46.0 640.0844869510937
83.33333333333333 410 42.0 0.7332686502552623
83.33333333333333 723 14.0 0.7940129020775188
101.94444444444444 553 4.0 1.0174169566118614
103.05555555555556 579 70.0 1.7138354749332052
94.72222222222221 376 31.0 706.2201592004749
106.94444444444444 459 50.0 3.1534919331586497
85.83333333333333 330 8.0 183.6607671058928
87.22222222222221 693 31.0 0.5917745030450134
97.5 707 4.0 245.83734557931456
93.33333333333333 616 59.99999999999999 4.629715902907153
110.55555555555556 387 8.0 773.5371364050973
96.66666666666666 600 59.00000000000001 19.060183063877183
99.16666666666666 493 11.0 0.983074156761332
100.55555555555556 600 19.0 6.998910175574559
83.33333333333333 593 72.0 2.200028107069333
84.16666666666667 459 5.0 0.8009569232094306
109.44444444444444 788 16.0 0.9780790549520384
92.77777777777777 404 11.0 0.33825615101082934
83.61111111111111 591 2.0 0.776346382355556
102.22222222222221 754 59.99999999999999 32.104874919962214
90.0 473 34.0 0.6172743996029583
99.16666666666666 398 42.0 0.9162504772074027
93.61111111111111 701 62.0 535.3655129831075
103.33333333333333 430 41.0 2.0309328932850543
96.94444444444444 400 24.000000000000004 179.54833545653386
97.5 504 41.0 0.7480317834299418
93.05555555555556 348 37.0 1.5419780000440098
88.05555555555556 781 74.0 1.401109718166558
90.83333333333333 786 6.000000000000001 0.7552639816091552
102.5 462 33.0 341.90017032919377
86.94444444444444 638 19.0 331.5486540142854
87.77777777777777 789 14.0 502.26554711240505
95.83333333333333 622 34.0 77.8208548892073
104.72222222222221 492 39.0 0.7651197922964688
90.0 345 14.999999999999998 650.8226468567173
96.66666666666666 332 51.0 721.5143814684243
110.83333333333333 530 53.0 1.6146984904733053
92.22222222222221 523 38.0 0.6668310039820066
85.27777777777777 472 67.0 1.6994702123538008
104.44444444444444 346 68.0 3.085372325178405
102.77777777777777 362 56.0 688.338017358635
110.0 655 58.00000000000001 1.0125831632602282
85.55555555555556 729 35.0 4.261288628935558
95.83333333333333 428 38.0 1.557017542619162
109.44444444444444 414 14.0 954.7440054967069
110.0 686 52.0 1.0202025171739197
96.38888888888889 635 67.0 3.7319639502648148
96.38888888888889 411 55.0 1.9014591323921841
100.55555555555556 631 28.0 1.8632220829562478
86.38888888888889 749 42.0 0.7683076526543132
92.77777777777777 356 73.0 420.1561317697054
105.55555555555556 481 29.999999999999996 564.3033984409458
86.66666666666667 569 0.0 0.0
110.55555555555556 403 37.0 0.9573800976663975
105.0 486 50.0 1.5032739060355527
86.38888888888889 656 12.000000000000002 0.7455618315667579
96.66666666666666 751 16.0 269.3127423679528
108.33333333333333 560 37.0 0.9946669381362504
86.11111111111111 333 39.0 38.74290432890105
98.61111111111111 688 20.0 19.431577654206524
98.88888888888889 649 73.0 1.3721308737662294
108.33333333333333 580 7.0 0.4156626312985442
92.5 666 2.0 31.773944372964426
90.55555555555556 453 25.0 0.8600410340074829
93.33333333333333 450 20.0 611.0693804323764
105.55555555555556 525 57.00000000000001 583.9257335408263
93.33333333333333 311 9.0 7.42137739816689
103.61111111111111 301 59.00000000000001 837.8769120081126
97.5 766 38.0 730.394862845604
110.83333333333333 483 7.0 966.4927540736717
110.55555555555556 566 18.0 1.011841278069378
85.27777777777777 779 73.0 170.69866137940278
86.38888888888889 590 11.0 625.4934909124911
102.5 446 37.0 218.04068919034438
102.77777777777777 675 7.0 0.9354458632875569
107.77777777777777 717 17.0 0.8640296676427728
94.72222222222221 660 48.00000000000001 3.741260890619568
87.22222222222221 679 42.0 2.4987633525797825
89.72222222222221 541 62.0 2.4023597534699155
88.88888888888889 318 29.000000000000004 580.2481553006301
89.44444444444444 644 65.0 26.311864086176634
98.61111111111111 578 71.0 119.44627864323186
84.72222222222221 792 25.0 1.6650437145527013
109.16666666666666 460 35.0 0.6649691110096061
100.55555555555556 635 24.000000000000004 1.8973103308553296
100.55555555555556 585 9.0 0.8065860860790803
90.55555555555556 401 56.0 581.4948540236329
92.5 781 46.0 0.8520953319065628
110.0 729 38.0 4.386851813825152
84.16666666666667 431 54.0 524.1255597844371
89.72222222222221 441 56.0 1.1949671692498465
85.0 678 25.0 593.5359420776906
85.0 546 21.0 614.7110659538396
96.38888888888889 655 56.0 0.9783160006530546
102.5 669 43.0 5.093227804035255
101.66666666666666 700 17.0 0.9020203996619095
93.61111111111111 734 59.99999999999999 643.3530357222144
109.16666666666666 525 63.0 617.0612262595329
100.27777777777777 416 9.0 0.30251290306505296
96.38888888888889 717 12.000000000000002 0.7554572847565374
100.0 498 20.0 0.35375042526385303
103.05555555555556 516 32.0 0.9212419245844882
96.11111111111111 512 59.99999999999999 12.377844663451391
89.72222222222221 510 18.0 0.5379156822298453
83.88888888888889 408 54.0 469.45113776479036
108.61111111111111 603 7.0 394.99007645524705
86.94444444444444 709 55.0 611.8229979423871
93.05555555555556 504 40.0 0.7284584010797277
91.66666666666667 342 50.0 2.6373429571377667
109.44444444444444 442 50.0 1.0719871772769176
106.66666666666666 500 43.0 703.7056317867304
100.83333333333333 303 21.0 0.40161247007586537
96.38888888888889 510 33.0 0.7427875278414371
85.27777777777777 336 58.00000000000001 6.782893803310468
110.83333333333333 342 0.0 0.0
102.5 666 75.0 72.69032054826516
104.44444444444444 642 75.0 1.5986461158047949
91.11111111111111 414 18.0 708.7515062417309
102.77777777777777 642 75.0 1.5903012000682097
85.0 696 49.0 285.9100519416132
103.05555555555556 607 10.0 705.3725393512962
103.88888888888889 561 68.0 1.274232424023135
106.94444444444444 613 3.0000000000000004 631.7283359650004
88.61111111111111 449 39.0 3.49197347817621
92.5 488 74.0 341.5814063034761
108.88888888888889 346 26.0 2.031786609175589
97.5 697 49.0 638.0883102040069
105.55555555555556 629 1.0 0.8189862477009302
104.72222222222221 688 6.000000000000001 8.321259806957915
103.88888888888889 787 46.0 0.8034936184965172
85.0 546 44.0 615.0285967214157
84.16666666666667 642 14.999999999999998 0.45331839470145946
95.55555555555556 694 8.0 0.9244375608292361
101.66666666666666 626 72.0 596.6863463382615
86.11111111111111 556 18.0 5.143401651286777
83.61111111111111 427 24.000000000000004 324.4674316901801
101.11111111111111 656 32.0 1.006496747972953
101.38888888888889 705 57.00000000000001 1.148656285834958
106.94444444444444 531 59.99999999999999 165.76682110145643
97.22222222222221 681 63.0 1.820970067636496
84.44444444444444 503 75.0 4.172580631705982
106.11111111111111 699 75.0 1.309031361545835
108.05555555555556 693 71.0 1.3738743168384295
93.05555555555556 351 3.0000000000000004 736.1215208005653
94.16666666666667 701 35.0 540.2548294594193
103.05555555555556 383 6.000000000000001 499.7133830011158
98.88888888888889 744 2.0 0.8386869144049913
87.5 754 70.0 31.802583618449162
85.83333333333333 544 26.0 506.61062726378134
103.88888888888889 486 43.0 0.9646254366985256
95.83333333333333 648 44.0 1.500172083321713
91.11111111111111 378 61.0 1.4398920023413393
101.38888888888889 582 28.0 618.3141779705022
90.55555555555556 778 56.0 586.9110684985418
86.38888888888889 778 70.0 540.1016463840419
94.72222222222221 359 37.0 0.8941588926513959
104.72222222222221 550 44.0 409.60488209360636
85.55555555555556 671 20.0 396.07661691102606
101.11111111111111 397 20.0 0.5338826903267655
100.55555555555556 571 6.000000000000001 843.8850189411019
83.61111111111111 575 27.0 123.43783793544308
90.55555555555556 559 4.0 306.8266476828162
90.55555555555556 510 25.0 0.6201588622955955
98.61111111111111 628 61.0 521.7616267821464
96.94444444444444 404 70.0 1.353067034786773
93.88888888888889 460 48.00000000000001 0.8677082130022395
85.0 503 72.0 4.181223379445203
94.44444444444444 612 25.0 0.8874104347897388
101.11111111111111 695 69.0 681.6404103491473
95.27777777777777 354 63.0 1.5048646095108924
86.11111111111111 445 49.0 542.7568938127744
103.05555555555556 517 74.0 1.3595276355752195
90.55555555555556 396 7.0 0.9014877774013421
109.16666666666666 490 39.0 207.81271021488186
86.38888888888889 509 35.0 9.449448928728795
108.61111111111111 717 59.00000000000001 1.9318158104160654
90.55555555555556 313 72.0 560.8153949405172
106.94444444444444 358 61.0 306.59022035644836
85.0 463 16.0 259.699884446479
109.44444444444444 522 59.00000000000001 2.1803413496217003
94.16666666666667 427 57.00000000000001 404.65145798016044
105.83333333333333 783 29.999999999999996 679.6702143331672
90.0 311 20.0 13.360685296559444
92.22222222222221 358 61.0 233.80097936489946
97.22222222222221 636 25.0 0.46711184658873356
91.11111111111111 574 19.0 0.6485689821649528
95.27777777777777 323 59.99999999999999 1.9008281813178216
102.5 409 49.0 1.9003621200559908
93.61111111111111 312 57.00000000000001 436.4671756264608
91.94444444444444 538 31.0 589.347714485746
95.0 376 17.0 709.4209210520379
94.16666666666667 575 48.00000000000001 157.25255542481287
88.88888888888889 535 40.0 0.8773797633802795
98.88888888888889 471 20.0 414.64843613752356
88.05555555555556 411 8.0 0.7632211991880019
92.77777777777777 361 56.0 3.683251123645121
101.94444444444444 500 55.0 656.7101889047249
87.22222222222221 562 0.0 0.0
102.22222222222221 789 69.0 643.2152496321271
106.11111111111111 622 46.0 96.21629053506177
107.77777777777777 634 63.0 899.142029435503
90.83333333333333 703 11.0 710.2125598053703
97.5 797 36.0 751.6732549958704
84.72222222222221 577 59.99999999999999 559.326265209844
83.33333333333333 317 5.0 0.7996891215200622
84.44444444444444 722 35.0 578.6460903036162
100.27777777777777 615 7.0 839.9728205281455
99.16666666666666 417 27.0 0.8166254277284022
95.55555555555556 588 32.0 610.9327760338035
86.66666666666667 657 53.0 458.71674500920807
106.66666666666666 368 11.0 667.4290596132983
83.61111111111111 379 0.0 0.0
99.72222222222221 323 40.0 1.8010252525624544
84.16666666666667 523 3.0000000000000004 0.08208017448208701
91.94444444444444 743 67.0 1.1696223510855375
105.0 543 36.0 1.9473380254391344
90.83333333333333 353 73.0 1.4809164722527153
94.72222222222221 377 17.0 16.87960851120299
90.0 559 45.0 305.9034679975114
93.33333333333333 343 36.0 605.6998077353103
87.77777777777777 317 57.00000000000001 3.4874342444823134
105.83333333333333 373 29.999999999999996 0.8723814566695701
106.66666666666666 672 40.0 572.6674635049911
96.66666666666666 454 10.0 0.17870700340519016
109.16666666666666 373 24.000000000000004 0.8327437530058337
111.11111111111111 305 2.0 520.2603720956736
98.33333333333333 472 43.0 1.6075678890082399
106.94444444444444 386 29.999999999999996 2.0210234206468702
102.5 616 72.0 5.107884450208122
104.72222222222221 530 26.0 0.7730162141242125
100.55555555555556 311 9.0 7.992069300480178
88.61111111111111 724 8.0 0.1847880159353764
96.11111111111111 630 71.0 1.2571331675263193
93.05555555555556 323 72.0 2.6407093739295022
101.38888888888889 500 18.0 650.9080682886447
107.5 465 34.0 12.797982942934933
85.83333333333333 623 29.000000000000004 0.703454739243541
109.16666666666666 775 39.0 0.9160744349399328
90.0 450 57.00000000000001 583.9093624988669
83.88888888888889 338 31.0 383.55224323746285
95.55555555555556 554 65.0 1.4480228177196455
103.33333333333333 517 47.0 0.8475135087380296
85.27777777777777 489 23.0 544.7498849479979
105.83333333333333 323 31.0 1.0343424388552742
101.38888888888889 315 72.0 1.8443679479827833
83.88888888888889 590 1.0 594.3042691599956
84.16666666666667 779 57.00000000000001 164.52912191244417
85.83333333333333 652 29.999999999999996 293.3412674678582
106.11111111111111 614 0.0 0.0
85.27777777777777 507 58.00000000000001 237.73221767976472
100.55555555555556 462 44.0 331.3164549825412
83.33333333333333 600 21.0 7.455443311491062
110.55555555555556 447 34.0 0.9113396416943186
107.77777777777777 663 52.0 266.83116441908305
85.83333333333333 378 29.000000000000004 0.6818656134461694
86.66666666666667 423 35.0 0.719925923761456
103.05555555555556 324 19.0 618.0090890088939
90.27777777777777 710 20.0 24.03578521217867
106.38888888888889 555 37.0 0.8275560275820674
86.66666666666667 550 11.0 291.85052132754237
85.55555555555556 374 34.0 206.55736194476597
93.88888888888889 522 36.0 1.7648286067253083
94.44444444444444 466 24.000000000000004 0.6326438280607839
85.83333333333333 360 1.0 0.2437818181721396
106.11111111111111 478 34.0 1.9723648512521152
99.44444444444444 613 29.000000000000004 561.5698387443739
83.61111111111111 762 8.0 0.19499245191584286
95.27777777777777 343 7.0 624.8442427751173
83.33333333333333 691 22.0 201.41714204652706
107.22222222222221 647 43.0 356.15857033341035
86.94444444444444 415 13.0 0.8578039817968534
104.44444444444444 785 57.00000000000001 678.5850326993396
100.27777777777777 686 72.0 1.5166747323392364
88.05555555555556 661 69.0 1.315176202462916
88.33333333333333 392 21.0 0.7683046828858525
90.55555555555556 636 36.0 0.6472349355204801
96.11111111111111 400 56.0 288.92681760370425
99.72222222222221 305 7.0 432.32894971335077
102.77777777777777 635 9.0 0.9591617566976121
103.05555555555556 537 31.0 3.0613860613216928
104.72222222222221 695 73.0 702.9298911190493
101.66666666666666 764 6.000000000000001 694.1125772595744
104.16666666666666 351 64.0 871.6698523074512
95.0 361 73.0 4.717172169111236
86.38888888888889 630 69.0 1.219220209517756
99.44444444444444 521 52.0 723.074838043956
96.94444444444444 670 63.0 583.896157270658
103.88888888888889 528 25.0 2.0738500731950342
104.44444444444444 428 55.0 1.8104593526805342
85.55555555555556 449 35.0 2.5560503386557456
95.27777777777777 661 7.0 0.31106475014289303
94.72222222222221 781 58.00000000000001 1.168773670233985
90.27777777777777 454 36.0 0.6293412270852107
91.94444444444444 478 44.0 1.8021162967529942
110.27777777777777 317 17.0 1.0926259304209103
100.0 341 11.0 0.2355706126630907
97.77777777777777 701 11.0 574.0594718076162
91.11111111111111 515 45.0 335.89784211986915
96.66666666666666 607 51.0 652.6681592290455
87.22222222222221 322 65.0 1.134702696647885
91.94444444444444 473 70.0 1.2700512626418619
90.0 718 3.0000000000000004 0.14087042925229287
86.11111111111111 483 43.0 653.6531334501842
95.55555555555556 422 40.0 0.8553552083600262
91.66666666666667 359 56.0 1.5449282037189003
85.27777777777777 553 74.0 14.38626609303691
90.83333333333333 347 12.000000000000002 0.24759321820250005
107.77777777777777 611 33.0 0.5775524344089555
87.5 495 53.0 395.93922366954206
89.44444444444444 460 49.0 0.881900975010108
84.72222222222221 464 56.0 604.3586801200667
95.55555555555556 793 10.0 0.2952784741835136
98.61111111111111 460 66.0 1.245816562296492
84.16666666666667 448 21.0 0.4533575158588426
102.77777777777777 636 64.0 1.1712781077849967
105.55555555555556 412 0.0 0.0
92.5 619 39.0 176.70107025126842
85.83333333333333 400 58.00000000000001 420.2369882273924
91.94444444444444 619 36.0 174.3480883117477
90.83333333333333 732 19.0 31.913562810655943
85.55555555555556 587 65.0 2.540738462885161
91.66666666666667 674 44.0 0.7768278637251831
97.22222222222221 577 16.0 817.0061206271344
110.55555555555556 579 22.0 0.750645697357153
85.0 624 0.0 0.0
98.88888888888889 706 20.0 0.733822575777133
85.0 796 8.0 269.29379659235076
88.61111111111111 512 13.0 3.5289776592653093
105.55555555555556 629 69.0 2.0319370115692252
100.27777777777777 584 70.0 560.5332325330236
109.44444444444444 518 53.0 3.1967049409003456
97.5 341 3.0000000000000004 0.14302940862574323
107.5 500 55.0 712.0570647708923
86.38888888888889 412 14.999999999999998 483.93954145745266
103.88888888888889 496 7.0 639.8383324438367
91.94444444444444 562 48.00000000000001 2.720886579022363
104.72222222222221 468 16.0 3.1298114977656812
99.44444444444444 799 3.0000000000000004 0.5094292261302138
97.22222222222221 710 68.0 47.30072753062374
86.94444444444444 506 65.0 276.7102306785218
106.66666666666666 317 9.0 1.0292392863827986
83.88888888888889 452 65.0 454.9439567445268
93.88888888888889 410 41.0 0.7158844487093521
90.55555555555556 473 36.0 0.6511769891894704
98.88888888888889 568 40.0 1.7425987910577514
101.66666666666666 405 7.0 0.9871950189384122
96.66666666666666 442 29.000000000000004 0.7474429815824908
107.5 303 47.0 0.8387688566144293
85.27777777777777 768 54.0 0.9640981444035982
109.16666666666666 755 74.0 1.7258256283636262
98.33333333333333 788 6.000000000000001 0.8488083216818199
104.72222222222221 423 12.000000000000002 0.5056443704672403
84.16666666666667 787 4.0 0.07450690822679437
105.0 789 19.0 670.312721855639
106.94444444444444 370 3.0000000000000004 924.6244356188311
103.05555555555556 433 49.0 796.2624622583264
97.22222222222221 368 70.0 576.1071183522192
89.16666666666667 669 49.0 5.327150621244302
95.27777777777777 360 39.0 0.7322277399505122
100.27777777777777 509 45.0 11.947100663481493
86.11111111111111 659 29.999999999999996 651.3008846826825
92.5 750 10.0 0.6403551252716214
104.44444444444444 718 36.0 0.6463813769191805
91.66666666666667 345 44.0 672.0828506107899
103.61111111111111 379 3.0000000000000004 0.44194890434520634
93.33333333333333 556 35.0 9.265897672785592
83.61111111111111 404 35.0 0.6604248072161153
109.44444444444444 339 74.0 585.9570537499915
88.33333333333333 482 14.999999999999998 228.1445592196415
107.22222222222221 774 22.0 0.5687757191552902
83.33333333333333 376 61.0 574.0164033752139
104.44444444444444 530 43.0 0.9761138394666429
109.44444444444444 762 70.0 1.272505980301307
89.16666666666667 781 11.0 0.33554948676091895
103.88888888888889 315 19.0 0.7673807638873253
90.55555555555556 559 59.00000000000001 309.9747692400689
89.44444444444444 664 31.0 286.9091992920793
100.27777777777777 754 14.0 10.956084526978682
88.05555555555556 708 26.0 283.12445558230286
110.55555555555556 459 10.0 1.059930564314621
106.38888888888889 430 3.0000000000000004 0.9805415901580448
91.94444444444444 519 69.0 607.2784238604719
105.27777777777777 381 38.0 149.82188960126342
108.61111111111111 785 56.0 726.0628634190646
102.77777777777777 368 52.0 629.7723187254087
83.33333333333333 532 51.0 373.04056659880854
97.77777777777777 781 70.0 1.362444753714843
104.16666666666666 531 17.0 150.3350812059498
88.05555555555556 694 54.0 3.491782746525239
88.88888888888889 440 1.0 0.874293829367048
84.72222222222221 505 27.0 0.7564114304523873
107.5 622 44.0 97.3982421789522
89.16666666666667 659 53.0 691.1139848139948
97.77777777777777 509 1.0 0.9749656539100502
108.88888888888889 505 49.0 1.7434147460618046
103.33333333333333 521 38.0 771.7528555568766
84.44444444444444 492 62.0 1.2199241025995353
90.0 304 69.0 1.7966099210746598
107.22222222222221 490 71.0 206.25468250769015
96.11111111111111 324 28.0 551.6536971033079
95.0 381 42.0 558.6801613610006
110.27777777777777 462 14.999999999999998 388.28547017033065
86.11111111111111 684 56.0 646.4436798490761
105.55555555555556 440 53.0 5.258376034913327
87.5 427 18.0 352.8218842856114
91.11111111111111 474 61.0 3.5365242722314587
105.55555555555556 722 16.0 847.3493393119405
95.55555555555556 478 49.0 1.897826372339871
95.83333333333333 436 67.0 1.8905701876197771
90.55555555555556 555 29.000000000000004 0.6710465707637031
107.5 355 14.999999999999998 24.275024790646096
99.16666666666666 521 55.0 719.6987762726741
95.55555555555556 711 66.0 1.5458155488950893
111.11111111111111 763 29.999999999999996 2.1020391742274476
85.55555555555556 699 35.0 0.6108770412949246
96.11111111111111 581 44.0 4.7573677977653785
105.55555555555556 307 43.0 886.3218581385853
91.38888888888889 558 36.0 573.297156045745
96.66666666666666 767 63.0 2.8264385282390907
101.38888888888889 711 17.0 0.6224061489514356
95.27777777777777 314 49.0 274.390846735569
98.05555555555556 456 31.0 607.5480219889535
95.83333333333333 691 65.0 264.89031926369466
84.44444444444444 434 42.0 1.6794511130227294
106.66666666666666 561 8.0 0.27619326047960757
107.5 572 58.00000000000001 5.311199441778312
93.05555555555556 622 7.0 63.643686072343506
102.5 560 13.0 0.7509470310355104
100.83333333333333 518 11.0 0.960696397424707
96.66666666666666 572 72.0 5.764011024607481
104.44444444444444 473 20.0 0.40092379255075816
98.88888888888889 406 35.0 657.1244806489617
97.22222222222221 303 58.00000000000001 1.060615384023794
110.0 343 69.0 766.9262563828129
85.55555555555556 649 37.0 0.6823961429805356
99.44444444444444 579 14.999999999999998 0.6365902038298309
98.33333333333333 567 3.0000000000000004 0.07702346079796345
94.16666666666667 761 24.000000000000004 0.8141099925010366
107.77777777777777 517 25.0 0.48963969090679177
98.05555555555556 582 37.0 614.1896008510065
109.16666666666666 676 42.0 757.4352005075958
100.55555555555556 668 19.0 0.5208507854204749
96.11111111111111 484 31.0 2.8740343229151626
87.5 330 9.0 190.7288934841715
90.0 595 9.0 58.48886346472441
100.83333333333333 503 62.0 3.9361448738933946
108.33333333333333 479 3.0000000000000004 0.11324931748186183
98.05555555555556 697 51.0 644.2471305077813
106.38888888888889 612 14.999999999999998 0.9088459686635826
85.55555555555556 693 69.0 1.2927171816117426
98.05555555555556 464 16.0 762.2454243772572
98.88888888888889 648 53.0 1.6198243728994612
103.33333333333333 447 63.0 1.696801537820362
104.72222222222221 757 1.0 1.0377726031495849
101.11111111111111 499 33.0 1.8497468899452685
103.05555555555556 647 56.0 332.5422843989363
93.61111111111111 307 46.0 738.9747620805547
98.61111111111111 797 16.0 765.2335898011663
101.66666666666666 342 32.0 1.9239245316714422
96.66666666666666 324 37.0 557.2136732946587
85.27777777777777 756 26.0 0.5843162199011556
107.22222222222221 781 58.00000000000001 1.064985193369935
85.0 795 31.0 234.36645931250789
108.33333333333333 409 57.00000000000001 2.05087683564405
95.0 553 17.0 3.789356157619505
92.5 730 17.0 0.4797956418679995
110.0 304 29.000000000000004 0.9594557427270632
84.44444444444444 732 55.0 43.30528817726422
104.44444444444444 563 11.0 719.4415789728552
103.33333333333333 675 72.0 3.062792037460363
85.0 667 44.0 1.2155915569345699
95.0 397 0.0 0.0
85.27777777777777 634 52.0 605.182413109135
90.27777777777777 624 69.0 1.3886504245334834
101.38888888888889 346 14.999999999999998 0.9591190735146958
84.44444444444444 470 25.0 431.0253880929951
87.22222222222221 410 44.0 0.768185742664743
97.77777777777777 561 59.00000000000001 1.118468616381033
89.16666666666667 467 18.0 0.5133848259792289
95.55555555555556 653 45.0 632.1129097435481
104.72222222222221 479 34.0 0.6012997725832432
100.55555555555556 572 13.0 1.0038917187360925
100.55555555555556 724 27.0 0.4908435672229062
92.77777777777777 361 46.0 3.6408280749920894
86.66666666666667 632 31.0 529.7810546825989
110.55555555555556 423 5.0 0.49360447553504355
90.83333333333333 490 6.000000000000001 143.3439489845103
102.77777777777777 737 59.00000000000001 1.1913711692310918
98.33333333333333 336 61.0 7.800888018081185
110.27777777777777 786 53.0 2.0367324784075307
84.44444444444444 595 63.0 205.2539574012964
99.16666666666666 635 50.0 2.8717286376736286
83.33333333333333 384 55.0 1.5720978333307316
93.88888888888889 504 48.00000000000001 0.8636432716859925
85.55555555555556 547 66.0 3.393210867456249
86.66666666666667 566 47.0 1.7164397046625017
106.66666666666666 441 40.0 0.8090025403577672
93.88888888888889 386 5.0 0.8620965076435314
90.27777777777777 547 47.0 2.6566210014120184
101.38888888888889 624 3.0000000000000004 0.3919919763094018
84.72222222222221 363 3.0000000000000004 287.6173559483774
104.72222222222221 611 13.0 0.23068628415704245
85.83333333333333 432 58.00000000000001 232.4570871708823
104.72222222222221 398 54.0 1.4946190214697441
103.33333333333333 692 0.0 0.0
